
7

         0          0          6          7          6          0         10     877
         5          0          0         -1          1          0          0     107
         0         -4          3          0          9          2          0       4
        45        -32         27         -9         84         16          4    1393
         0         28        -21        -35        -54        -19         -1     427
        30          0         18        -69         96        -37         79    9162
         0         -8          6          0         36          3         28    2126
